1, 0, 1, 0, 0, 0, 0
1, 0, 2, 0, 0, 0, 0
1, 1, 5, 1, 0, 0, 0
1, 2, 8, 0, 0, 1, 0
1, 3, 15, 2, 2, 2, 2
2, 1, 2, 0, 1, 0, 0
2, 1, 4, 0, 0, 1, 0
3, 0, 1, 0, 0, 0, 0
3, 2, 4, 1, 0, 0, 1
4, 1, 6, 1, 1, 0, 0
4, 1, 2, 0, 0, 0, 1
4, 3, 9, 1, 1, 0, 0
5, 0, 1, 0, 0, 0, 0
5, 1, 7, 2, 0, 0, 0
5, 2, 10, 1, 1, 1, 1
6, 1, 3, 0, 0, 0, 2
6, 1, 8, 1, 1, 1, 0
6, 3, 12, 0, 0, 1, 1
7, 0, 3, 0, 0, 0, 0
7, 2, 3, 0, 0, 0, 2
8, 1, 5, 0, 1, 0, 1
8, 2, 6, 1, 0, 0, 0
8, 3, 7, 1, 0, 0, 2
9, 1, 2, 0, 0, 1, 0
9, 2, 2, 0, 1, 0, 1
10, 1, 1, 1, 0, 0, 1
10, 1, 4, 0, 0, 0, 1
10, 2, 5, 0, 0, 2, 0
10, 3, 11, 0, 1, 0, 1
11, 1, 6, 1, 0, 1, 1
11, 2, 7, 1, 1, 0, 0
12, 1, 3, 0, 1, 0, 0
12, 2, 4, 0, 0, 1, 1
12, 3, 6, 1, 1, 1, 0
13, 1, 5, 1, 0, 0, 0
13, 2, 9, 1, 0, 0, 2
14, 2, 3, 0, 1, 0, 0
14, 3, 10, 0, 0, 2, 1
15, 2, 8, 2, 0, 0, 0
16, 2, 4, 0, 0, 1, 0
16, 3, 8, 1, 0, 1, 1
17, 2, 6, 1, 1, 1, 0
18, 2, 2, 0, 0, 0, 1
18, 3, 5, 0, 1, 0, 0
19, 2, 5, 1, 0, 0, 1
20, 3, 14, 2, 0, 0, 0
22, 3, 9, 0, 0, 1, 0
24, 3, 6, 1, 1, 1, 0
26, 3, 10, 0, 0, 0, 1
28, 3, 7, 1, 0, 0, 1
30, 3, 12, 0, 1, 0, 0